0 0 0 0 0
1 164 181 12 39
2 184 14 12 33
3 47 53 13 38
4 129 153 11 47
5 149 74 8 20
6 104 168 10 28
7 160 113 16 27
8 20 190 13 52
9 74 98 14 18
10 193 133 13 47
11 14 183 16 6
12 56 130 9 44
13 189 14 16 10
14 84 1 9 51
15 164 195 16 29
16 157 114 10 19
17 71 180 10 28
18 66 153 11 43
19 176 39 15 8
20 44 51 17 15
21 155 75 18 44
22 136 174 12 8
23 139 140 12 53
24 145 130 13 3
25 65 132 8 55
26 101 135 16 39
27 62 32 13 26
28 34 182 14 21
29 9 159 14 35
30 182 169 15 9
31 191 147 14 37
32 106 184 17 35
33 183 196 13 1
34 139 172 17 24
35 101 152 18 12
36 70 111 17 59
37 180 60 10 12
38 59 65 10 22
39 33 2 15 32
40 26 19 15 18
41 133 123 11 11
42 187 45 8 23
43 81 120 14 17
44 0 159 18 15
45 134 62 12 2
46 26 95 11 25
47 74 0 9 27
48 78 199 17 6
49 52 67 18 3
50 87 139 17 39
51 188 37 8 31
52 95 88 17 49
53 150 85 12 1
54 161 195 16 25
55 176 17 15 24
56 176 117 11 32
57 167 189 13 38
58 63 11 17 17
59 154 171 14 7
60 67 149 15 37
61 18 160 9 18
62 162 151 12 23
63 95 91 10 34
64 194 155 16 4
65 84 186 18 17
66 18 137 8 49
67 21 38 15 52
68 46 139 11 4
69 164 35 9 42
70 188 71 10 40
71 199 76 11 43
72 43 109 13 7
73 92 138 10 54
74 178 20 15 13
75 114 28 9 56
76 63 139 14 7
77 134 125 12 14
78 48 5 17 57
79 191 33 13 18
80 162 123 16 16
81 157 162 16 44
82 119 175 8 53
83 17 107 14 16
84 27 108 10 18
85 52 50 16 8
86 33 57 17 12
87 21 146 10 36
88 125 143 8 26
89 105 36 10 30
90 69 79 17 28
91 19 145 17 41
92 29 65 8 53
93 121 106 15 26
94 191 152 16 4
95 55 125 13 59
96 157 131 12 15
97 169 47 8 46
98 143 195 15 29
99 170 5 8 27
100 90 78 8 41
101 100 24 16 23
102 18 18 10 33
103 24 59 10 5
104 132 13 8 44
105 115 127 15 22
106 100 154 10 8
107 63 60 16 8
108 192 32 13 16
109 137 121 9 26
110 24 22 14 18
111 145 190 12 37
112 148 149 15 14
113 128 182 16 22
114 0 147 14 21
115 170 178 16 11
116 195 46 8 20
117 70 145 14 15
118 36 190 15 9
119 163 33 11 12
120 7 90 16 9
121 20 185 17 16
122 171 61 15 8
123 71 80 10 4
124 42 34 8 31
125 119 15 17 47
126 89 175 9 59
127 7 101 11 40
128 176 112 16 22
129 9 199 8 47
130 26 170 11 34
131 110 180 11 7
132 100 41 13 38
133 88 148 10 4
134 27 134 9 54
135 18 122 9 33
136 159 85 12 46
137 97 158 15 10
138 122 137 17 58
139 195 141 16 55
140 76 69 13 49
141 190 127 18 8
142 48 63 12 17
143 26 130 8 9
144 138 170 13 54
145 144 140 10 32
146 175 10 14 49
147 107 178 17 5
148 152 148 12 17
149 83 67 16 35
150 112 109 13 35
151 60 101 11 54
152 131 186 13 1
153 120 120 16 54
154 48 132 14 44
155 10 16 15 12
156 149 125 16 59
157 86 82 15 25
158 115 48 11 2
159 62 83 10 16
160 179 101 9 28
161 47 103 18 37
162 91 34 13 30
163 105 82 8 31
164 121 37 16 57
165 4 31 10 12
166 13 15 14 12
167 60 89 18 50
168 29 185 10 53
169 142 131 10 59
170 151 111 12 53
171 11 117 9 27
172 41 14 17 1
173 153 130 10 23
174 36 12 8 51
175 0 35 16 48
176 83 79 9 35
177 20 132 10 9
178 94 111 15 31
179 179 4 12 57
180 189 2 9 38
181 19 150 11 47
182 10 33 13 18
183 42 173 9 6
184 129 35 11 56
185 20 179 18 51
186 110 124 14 3
187 147 101 9 32
188 103 132 8 56
189 86 59 11 11
190 13 145 13 18
191 28 129 12 38
192 86 31 11 39
193 139 132 10 17
194 129 193 12 54
195 159 65 17 7
196 88 115 12 36
197 194 61 14 11
198 142 79 12 16
199 3 27 18 49
200 20 116 10 48
201 172 116 11 35
202 111 60 17 33
203 125 154 13 25
204 8 161 16 45
205 13 59 12 3
206 177 97 18 36
207 170 7 14 12
208 151 176 17 18
209 136 155 15 56
210 110 198 13 15
211 26 138 12 43
212 146 79 18 21
213 16 107 9 7
214 101 141 17 0
215 118 197 17 3
216 181 192 16 12
217 69 52 14 45
218 15 134 9 50
219 121 94 9 20
220 60 52 13 6
221 145 40 17 15
222 66 184 17 59
223 61 126 14 54
224 80 179 8 39
225 95 182 13 44
226 168 8 11 44
227 149 177 18 7
228 165 82 15 15
229 26 90 12 47
230 87 167 10 15
231 26 24 13 51
232 9 25 15 17
233 72 68 10 31
234 33 144 13 3
235 110 15 8 50
236 4 22 13 53
237 45 74 16 44
238 171 122 13 57
239 53 129 10 32
240 151 61 12 4
241 169 42 17 54
242 190 184 11 39
243 178 171 15 46
244 103 170 11 41
245 153 165 15 20
246 158 147 16 42
247 82 42 12 0
248 80 191 16 22
249 52 158 18 44
250 78 68 18 41
251 62 195 18 12
252 83 8 17 8
253 26 41 13 23
254 137 13 13 11
255 69 86 13 54
256 26 55 16 46
257 139 150 8 21
258 140 156 8 51
259 23 187 11 9
260 63 60 13 56
261 27 97 18 49
262 4 7 14 10
263 98 134 16 24
264 61 21 15 26
265 53 121 14 23
266 12 199 15 10
267 70 100 8 6
268 158 6 17 20
269 192 16 17 53
270 182 187 15 39
271 95 179 13 24
272 129 195 17 43
273 22 79 18 43
274 9 132 15 39
275 61 29 10 7
276 34 164 8 29
277 124 124 15 26
278 81 16 18 2
279 72 143 12 47
280 89 173 17 17
281 14 94 18 34
282 5 148 15 8
283 27 129 18 17
284 162 181 12 32
285 177 81 16 38
286 84 53 12 3
287 130 65 18 36
288 153 10 13 40
289 130 115 18 51
290 9 182 17 45
291 141 40 15 48
292 64 103 10 32
293 63 26 8 54
294 2 67 9 38
295 128 16 18 35
296 70 5 13 55
297 11 102 9 58
298 59 24 10 51
299 21 8 16 3
300 23 64 16 23
301 131 150 15 14
302 60 149 13 13
303 24 192 16 29
304 55 23 10 12
305 55 166 13 14
306 14 20 15 26
307 45 194 15 45
308 45 121 18 31
309 64 143 13 25
310 148 87 16 23
311 39 76 11 2
312 187 77 18 47
313 144 53 15 22
314 63 19 11 30
315 52 192 16 55
316 150 67 14 6
317 103 171 14 8
318 114 81 10 50
319 124 47 13 48
320 40 164 13 10
321 97 34 12 18
322 158 149 15 24
323 29 146 9 20
324 192 198 8 59
325 62 176 14 28
326 159 167 16 13
327 156 177 18 22
328 87 11 15 28
329 133 59 8 2
330 83 190 14 25
331 77 54 11 29
332 65 178 8 33
333 187 67 12 56
334 183 38 9 29
335 47 60 12 54
336 170 8 9 50
337 139 68 16 33
338 144 132 16 20
339 178 115 16 27
340 157 69 15 46
341 127 14 9 34
342 87 28 14 4
343 86 126 9 45
344 164 182 10 33
345 182 192 13 20
346 68 112 12 3
347 98 180 14 25
348 25 18 11 52
349 22 122 8 9
350 106 189 16 43
351 104 175 8 25
352 21 118 13 21
353 47 151 9 9
354 112 150 9 10
355 106 98 18 49
356 156 196 11 46
357 186 140 18 25
358 83 182 17 24
359 122 3 11 47
360 108 33 14 58
361 129 74 17 52
362 161 149 18 39
363 43 117 11 12
364 12 62 8 22
365 166 62 18 15
366 73 70 18 23
367 59 134 10 12
368 106 51 17 12
369 63 184 11 29
370 98 45 8 15
371 98 153 14 14
372 120 86 10 6
373 137 50 16 5
374 18 4 8 26
375 140 179 8 44
376 37 91 17 1
377 92 156 9 5
378 6 8 11 44
379 155 52 13 59
380 121 180 11 41
381 15 168 8 19
382 149 50 8 47
383 76 135 13 11
384 48 39 15 49
385 118 81 11 21
386 115 132 13 30
387 22 62 18 42
388 106 70 11 32
389 104 25 8 14
390 3 33 9 15
391 68 138 18 12
392 175 16 9 47
393 135 100 17 31
394 118 182 12 22
395 157 184 9 38
396 49 126 15 33
397 68 7 11 43
398 47 174 17 32
399 110 141 18 31
400 38 0 16 38
401 61 179 8 9
402 71 32 10 12
403 75 44 8 38
404 118 132 14 6
405 77 75 15 1
406 198 143 13 28
407 23 188 8 35
408 133 73 11 5
409 186 72 16 44
410 139 187 17 20
411 33 29 13 52
412 34 107 13 52
413 24 83 9 36
414 117 55 16 37
415 56 181 11 8
416 158 99 15 5
417 168 82 9 48
418 119 157 17 16
419 119 170 10 35
420 127 129 15 39
421 20 119 8 43
422 130 105 8 42
423 10 59 15 25
424 130 155 9 42
425 45 89 16 33
426 104 39 15 52
427 132 167 18 5
428 94 85 12 59
429 89 36 12 14
430 39 43 13 35
431 150 122 18 59
432 57 164 15 49
433 50 62 9 35
434 133 11 8 35
435 51 150 16 58
436 5 183 12 30
437 40 139 16 1
438 62 110 12 16
439 30 146 16 28
440 30 7 13 23
441 93 111 11 17
442 19 41 9 46
443 150 109 15 50
444 78 27 11 56
445 141 35 16 41
446 161 37 13 9
447 191 122 16 15
448 2 101 18 27
449 44 191 18 18
450 166 150 10 36
451 15 136 10 30
452 57 157 17 27
453 21 43 9 37
454 103 105 8 38
455 11 190 8 51
456 134 2 17 6
457 171 34 8 54
458 78 155 18 12
459 122 190 18 27
460 120 196 11 19
461 46 148 17 5
462 163 132 10 39
463 22 119 8 56
464 153 129 12 10
465 171 109 18 17
466 17 137 11 42
467 95 145 17 37
468 149 178 9 55
469 110 109 10 49
470 181 172 18 36
471 122 179 10 33
472 192 175 17 11
473 63 6 16 0
474 145 142 9 34
475 96 70 15 15
476 125 110 9 20
477 109 10 18 46
478 123 92 15 6
479 79 16 8 45
480 196 72 17 14
481 133 115 11 28
482 43 41 13 49
483 0 6 12 44
484 166 195 14 55
485 93 81 13 46
486 108 13 15 37
487 73 105 12 17
488 139 49 10 0
489 50 168 17 35
490 22 186 9 22
491 138 5 10 29
492 106 179 14 53
493 173 83 9 15
494 122 41 16 28
495 59 107 17 13
496 85 118 11 54
497 190 63 12 52
498 63 129 8 28
499 136 12 13 27
500 64 47 16 21
501 15 187 8 40
502 44 31 12 12
503 167 162 13 42
504 140 186 11 16
505 131 23 15 38
506 103 136 8 50
507 54 168 12 42
508 116 16 13 50
509 175 68 9 31
510 151 143 12 51
511 63 50 18 47
512 19 118 8 50
513 10 138 8 31
514 144 48 18 12
515 118 94 13 55
516 75 10 8 20
517 152 142 18 41
518 152 34 14 30
519 24 176 11 18
520 57 149 11 10
521 84 26 9 28
522 180 86 17 47
523 89 133 15 31
524 125 69 12 12
525 166 111 12 36
526 111 122 18 14
527 71 88 15 13
528 163 149 15 27
529 65 151 11 5
530 148 134 17 1
531 2 167 14 20
532 110 69 13 14
533 196 24 18 5
534 175 99 11 34
535 56 140 15 0
536 91 119 17 57
537 172 43 16 7
538 187 175 15 12
539 94 46 18 9
540 198 78 12 55
541 36 120 14 55
542 86 62 15 49
543 53 115 16 45
544 191 182 14 10
545 176 88 18 36
546 131 84 11 59
547 8 177 12 11
548 65 125 13 43
549 56 63 10 53
550 40 182 14 4
551 167 143 13 45
552 155 193 9 20
553 56 190 16 28
554 196 54 12 36
555 131 25 8 58
556 6 94 13 32
557 92 50 14 45
558 146 195 18 56
559 188 13 12 49
560 179 113 16 25
561 41 167 8 20
562 175 87 15 38
563 92 47 15 39
564 35 105 8 4
565 14 46 14 37
566 186 121 15 46
567 42 17 17 49
568 39 160 18 45
569 66 87 15 52
570 172 183 12 4
571 79 189 16 9
572 29 145 17 57
573 160 191 12 43
574 131 100 11 23
575 167 119 12 43
576 38 8 16 45
577 4 193 18 23
578 126 27 15 6
579 112 172 9 56
580 21 173 12 38
581 74 72 16 55
582 134 162 17 59
583 77 64 14 16
584 138 51 17 50
585 40 79 13 17
586 21 156 8 28
587 160 63 8 34
588 35 115 16 13
589 82 86 15 40
590 100 54 16 4
591 114 151 12 4
592 178 110 14 51
593 54 149 18 14
594 176 83 18 35
595 171 164 14 37
596 30 192 15 17
597 97 195 15 16
598 83 78 10 55
599 51 90 9 9
600 38 5 18 19
601 108 57 18 8
602 161 56 9 29
603 182 2 10 36
604 123 127 16 59
605 156 135 13 22
606 43 38 16 37
607 81 34 14 18
608 182 62 11 58
609 94 114 11 48
610 100 4 8 9
611 66 46 15 43
612 48 19 16 1
613 86 43 11 56
614 4 129 8 7
615 63 130 14 9
616 141 107 15 5
617 78 195 14 54
618 108 86 18 38
619 177 50 12 35
620 175 164 10 39
621 176 57 13 24
622 182 172 9 51
623 96 20 13 37
624 152 66 15 20
625 11 86 18 45
626 25 194 14 38
627 22 157 11 34
628 65 75 18 56
629 119 136 12 4
630 109 59 11 19
631 129 27 8 52
632 141 189 13 6
633 116 38 11 15
634 135 51 16 10
635 46 38 12 20
636 11 161 17 21
637 186 151 11 0
638 198 15 18 3
639 76 147 14 15
640 9 76 17 14
641 184 63 16 38
642 49 146 14 22
643 142 106 10 5
644 161 142 17 47
645 53 107 14 11
646 55 188 18 4
647 114 199 8 34
648 39 185 13 18
649 24 151 15 25
650 32 46 18 21
651 68 186 17 6
652 176 86 14 34
653 39 17 17 58
654 25 184 9 21
655 13 28 10 59
656 25 131 11 53
657 173 91 16 3
658 180 197 16 55
659 143 145 10 28
660 26 173 15 11
661 76 181 13 56
662 15 19 13 24
663 46 124 11 1
664 23 170 16 43
665 52 197 12 21
666 40 196 13 32
667 131 82 18 18
668 173 73 8 32
669 166 149 18 58
670 1 178 8 14
671 122 140 13 18
672 156 116 8 47
673 19 49 14 13
674 193 157 11 59
675 125 40 16 0
676 150 132 16 31
677 167 144 17 43
678 0 158 18 40
679 137 106 15 8
680 180 37 16 44
681 29 96 16 48
682 77 101 8 2
683 119 128 17 18
684 121 21 8 59
685 170 117 17 59
686 191 196 9 23
687 84 101 9 55
688 7 142 14 7
689 24 117 10 3
690 67 178 18 45
691 10 29 15 4
692 168 192 15 50
693 37 87 9 6
694 84 54 10 19
695 192 176 14 56
696 64 174 12 59
697 3 132 8 47
698 133 70 9 38
699 114 48 18 47
700 36 182 10 9
701 19 29 17 39
702 108 148 18 44
703 69 188 18 23
704 87 175 8 41
705 161 79 10 54
706 196 64 12 15
707 47 167 11 24
708 114 96 15 35
709 79 163 10 59
710 182 160 9 2
711 145 35 10 21
712 180 29 11 39
713 77 77 17 53
714 55 169 9 22
715 128 5 15 57
716 147 168 8 28
717 125 176 15 28
718 190 52 11 17
719 105 72 13 8
720 8 60 15 56
721 170 184 9 11
722 129 28 11 5
723 4 48 11 37
724 51 103 8 17
725 118 149 18 29
726 34 173 15 24
727 61 89 14 49
728 21 141 9 36
729 156 179 9 15
730 99 90 12 28
731 111 138 11 27
732 145 110 8 18
733 191 115 11 11
734 14 191 12 46
735 189 193 14 43
736 52 145 11 43
737 140 99 11 9
738 81 124 12 59
739 162 113 10 7
740 21 166 13 57
741 114 56 14 52
742 127 167 16 4
743 120 22 15 49
744 141 27 14 14
745 188 30 12 38
746 153 95 17 46
747 41 177 11 13
748 59 177 10 24
749 129 155 16 17
750 21 190 10 8
751 136 23 17 8
752 105 97 10 6
753 71 198 9 58
754 146 19 13 53
755 82 56 11 39
756 15 97 18 59
757 71 29 13 40
758 165 69 16 25
759 188 17 10 53
760 101 11 9 52
761 91 99 11 6
762 188 108 16 26
763 22 47 8 26
764 128 12 16 59
765 15 65 9 0
766 30 79 14 53
767 165 114 13 6
768 99 8 12 58
769 93 194 10 7
770 41 36 18 4
771 92 102 9 5
772 3 17 12 9
773 199 15 15 32
774 45 8 15 0
775 113 60 13 14
776 174 98 15 55
777 156 159 9 28
778 165 108 10 31
779 104 146 10 9
780 192 12 8 8
781 52 7 17 43
782 107 183 9 8
783 83 109 8 12
784 189 171 8 24
785 172 21 9 9
786 33 177 10 10
787 67 172 13 3
788 124 164 14 44
789 105 50 10 46
790 78 128 18 1
791 18 65 14 23
792 154 54 13 0
793 39 153 15 32
794 185 143 13 21
795 95 30 14 52
796 111 89 17 45
797 182 133 18 34
798 48 159 16 13
799 39 29 17 11
800 42 20 18 32
801 197 176 12 31
802 18 16 14 30
803 40 158 17 16
804 193 111 9 48
805 198 72 11 29
806 64 166 13 15
807 130 27 10 3
808 94 198 15 56
809 124 152 12 52
810 70 168 11 1
811 180 30 9 11
812 31 177 18 21
813 18 87 15 30
814 168 164 15 46
815 39 22 12 37
816 175 132 17 32
817 197 43 18 7
818 100 199 15 50
819 15 150 17 4
820 1 79 12 3
821 103 123 11 24
822 47 89 12 3
823 162 117 16 17
824 70 79 17 26
825 149 193 16 59
826 11 186 10 46
827 2 157 13 57
828 58 97 16 16
829 149 68 16 42
830 67 90 18 13
831 72 155 9 47
832 49 147 15 1
833 124 89 13 10
834 72 113 11 16
835 59 111 9 14
836 29 71 9 4
837 91 192 18 26
838 189 85 11 25
839 76 199 16 11
840 101 173 16 17
841 112 34 11 25
842 175 75 12 44
843 106 189 9 59
844 174 75 14 8
845 21 80 9 0
846 173 168 18 22
847 82 103 17 8
848 109 107 17 21
849 22 103 11 23
850 164 135 14 55
851 195 95 14 8
852 46 147 11 51
853 120 137 8 49
854 35 15 15 50
855 95 140 16 51
856 90 30 10 44
857 97 88 12 19
858 133 158 12 8
859 185 68 14 3
860 147 175 11 44
861 11 114 13 19
862 186 125 9 20
863 79 34 11 50
864 100 88 17 28
865 174 180 11 28
866 41 175 12 36
867 59 175 8 21
868 14 172 16 7
869 51 156 9 49
870 109 51 9 9
871 127 108 13 55
872 92 121 12 52
873 96 43 12 26
874 197 83 15 26
875 92 59 18 13
876 36 21 15 2
877 159 118 15 5
878 10 53 11 12
879 71 22 9 19
880 179 124 14 23
881 136 175 8 27
882 192 157 12 46
883 123 161 8 25
884 9 125 11 56
885 135 45 11 34
886 135 58 8 4
887 2 93 11 9
888 51 174 16 8
889 44 185 12 41
890 68 129 12 10
891 26 103 16 47
892 121 137 14 18
893 65 168 18 52
894 124 42 11 12
895 146 134 12 7
896 150 30 15 35
897 4 16 8 13
898 163 78 9 16
899 23 77 18 6
900 164 27 12 55
901 137 176 18 56
902 106 94 11 45
903 85 34 8 41
904 115 151 13 49
905 122 176 13 33
906 181 111 13 30
907 132 36 14 43
908 152 24 17 1
909 7 190 16 39
910 19 19 13 58
911 45 111 10 42
912 121 41 12 47
913 81 37 13 0
914 66 27 17 54
915 90 126 15 21
916 77 191 17 51
917 125 142 8 10
918 166 85 12 21
919 119 65 11 19
920 180 168 9 7
921 67 67 9 32
922 68 174 10 56
923 96 9 12 34
924 108 84 10 0
925 51 134 11 5
926 85 45 11 48
927 28 137 16 29
928 144 18 8 46
929 42 118 17 58
930 153 5 17 1
931 145 159 13 6
932 14 27 14 53
933 57 97 14 7
934 92 111 9 11
935 168 180 11 45
936 185 66 18 11
937 125 143 16 13
938 106 87 12 51
939 142 118 11 49
940 25 145 10 30
941 109 120 18 52
942 10 45 14 49
943 189 183 16 43
944 53 172 16 22
945 110 16 12 38
946 160 119 16 23
947 11 150 8 2
948 193 143 8 37
949 57 77 11 0
950 14 76 10 0
951 168 137 10 0
952 85 134 11 58
953 131 122 17 46
954 53 125 9 29
955 54 188 17 6
956 132 10 13 7
957 73 114 15 17
958 77 111 14 21
959 40 119 8 16
960 37 111 10 8
961 95 106 15 14
962 110 48 13 51
963 130 75 11 35
964 32 74 8 37
965 132 40 14 45
966 115 152 13 2
967 185 60 13 17
968 66 119 17 25
969 54 139 16 54
970 166 49 12 58
971 13 86 15 53
972 38 27 11 45
973 14 5 11 30
974 192 76 8 4
975 144 16 17 52
976 184 76 11 41
977 6 140 9 3
978 98 101 17 7
979 54 193 17 7
980 101 91 10 26
981 54 178 15 24
982 8 174 8 56
983 54 72 17 25
984 73 75 13 15
985 29 94 15 55
986 198 15 10 49
987 163 2 8 26
988 179 180 13 6
989 26 25 12 2
990 123 3 10 5
991 190 179 8 38
992 194 57 14 32
993 197 186 11 42
994 174 71 13 54
995 120 152 11 24
996 37 44 16 18
997 103 53 15 30
998 54 124 8 3
999 26 137 18 35
